39 6 39 3 43 3 
46 6 46 6 
48 6 51 3 48 3 
46 6 46 6 
43 6 43 6 
46 3 43 3 39 6 
36 6 39 3 43 3 
46 12 
48 6 48 6 
48 3 51 3 46 6 
43 6 41 6 
43 3 41 3 39 6 
41 6 46 6 
46 3 45 3 46 6 
48 6 48 6 
50 3 48 3 46 6 

51 9 51 3 
48 6 51 6 
46 6 46 3 48 3 
46 12 
48 9 48 3 
46 6 43 6 
41 6 41 3 43 3 
46 12 
39 9 39 3 
39 6 43 6 
41 6 43 3 41 3 
39 12 
48 9 48 3 
46 6 43 6 
41 6 41 3 43 3 
46 12 
51 6 51 18 
48 6 48 18 
46 9 46 3 
48 6 46 6 
41 6 41 3 43 3 
46 12 
51 6 51 18 
48 6 48 18 
46 9 46 3 
48 6 46 6 
41 12 
43 6 41 6 
39 24