39 12 39 6 43 6 
46 12 46 12 
48 12 51 6 48 6 
46 12 46 12 
43 12 43 12 
46 6 43 6 39 12 
36 12 39 6 43 6 
46 24 
48 12 48 12 
48 6 51 6 46 12 
43 12 41 12 
43 6 41 6 39 12 
41 12 46 12 
46 6 45 6 46 12 
48 12 48 12 
50 6 48 6 46 36 
51 18 51 6 
48 12 51 12 
46 12 46 6 48 6 
46 24 
48 18 48 6 
46 12 43 12 
41 12 41 6 43 6 
46 24 
39 18 39 6 
39 12 43 12 
41 12 43 6 41 6 
39 24 
48 18 48 6 
46 12 43 12 
41 12 41 6 43 6 
46 24 
51 12 51 36 
48 12 48 36 
46 18 46 6 
48 12 46 12 
41 12 41 6 43 6 
46 24 
51 12 51 36 
48 12 48 36 
46 18 46 6 
48 12 46 12 
41 24 
43 12 41 12 
39 48